2
1
4
5
8
7
6
9
3
12
13
14
11
15
17
16
10
19
21
20
23
22
18
27
26
29
28
25
31
30
32
33
35
36
38
39
40
41
37
34
24
46
45
44
43
48
49
50
53
54
52
56
58
57
55
51
61
64
63
65
62
60
68
67
70
71
74
73
76
77
79
78
75
72
69
66
80
82
85
84
83
81
59
47
87
88
91
93
95
94
92
90
97
99
100
98
102
101
96
89
104
107
106
108
105
103
110
111
113
112
109
115
117
118
116
120
121
122
125
124
123
126
119
114
86
129
128
131
133
132
130
127
42
137
136
140
139
143
145
144
142
147
149
148
146
152
151
150
154
153
141
138
156
158
159
160
162
161
157
164
167
168
166
170
169
171
165
163
155
174
175
179
178
177
176
173
180
182
181
184
183
186
185
172
135
134
188
190
189
192
194
193
197
199
201
200
198
203
204
205
202
196
195
191
207
209
208
206
212
211
214
216
217
219
218
220
215
222
223
221
213
210
226
228
227
225
224
231
230
232
234
237
236
235
239
238
233
242
241
243
244
246
248
247
250
252
253
251
258
257
256
255
259
260
254
249
245
240
262
266
265
264
267
263
269
271
270
268
273
276
275
274
272
278
279
277
282
281
285
287
286
284
289
290
288
292
293
291
296
298
297
295
300
301
303
302
299
294
304
283
280
261
307
308
309
306
312
311
314
315
313
318
319
317
316
310
321
323
324
327
328
326
325
322
320
331
330
332
333
336
335
338
339
337
334
329
305
229
187
342
341
344
343
345
348
347
346
350
353
355
354
352
351
357
356
360
359
358
349
362
364
366
365
363
369
370
371
373
374
372
376
377
375
368
380
379
381
378
385
384
387
386
383
382
389
391
392
390
395
396
394
398
397
393
401
400
403
405
404
402
399
409
408
407
406
388
411
414
413
415
412
417
418
421
420
419
416
410
426
425
424
427
423
428
430
429
432
431
435
434
437
436
438
440
443
442
441
439
446
447
448
445
450
449
444
452
454
455
458
457
456
453
461
463
462
460
459
451
433
464
422
367
466
467
469
470
471
468
472
475
478
477
480
479
476
474
473
465
361
483
482
484
486
489
488
487
490
485
481
493
492
495
494
497
499
498
496
500
504
503
502
508
507
506
510
513
512
514
516
515
511
509
505
501
519
518
520
523
522
526
527
525
524
521
517
529
528
532
531
534
535
533
536
530
491
539
538
541
542
544
543
540
546
545
548
547
551
550
554
553
555
558
557
559
556
552
562
563
564
565
567
568
571
570
572
573
569
566
561
576
578
579
577
581
583
582
584
580
575
574
560
587
586
585
549
537
589
591
590
593
592
595
597
596
599
598
602
604
606
607
605
603
601
609
610
612
613
614
611
608
600
616
615
594
619
618
621
622
620
626
625
624
628
627
630
631
632
629
635
634
637
639
638
636
633
623
617
641
643
644
642
646
648
647
649
650
651
645
654
653
656
658
657
661
660
662
664
663
659
655
666
665
671
670
672
669
668
667
674
675
678
677
680
682
681
679
676
673
652
686
685
687
689
688
690
684
683
692
694
693
695
698
699
697
700
696
702
703
701
705
707
708
706
704
711
713
712
710
709
716
715
714
691
640
719
718
721
722
723
720
729
728
731
730
727
736
735
734
733
732
726
725
739
740
738
737
724
744
743
742
741
747
746
749
753
752
751
750
756
757
758
755
754
761
760
762
759
765
764
763
748
768
767
766
770
775
774
773
772
771
769
745
777
780
779
778
783
782
786
785
789
788
790
787
792
793
791
784
796
795
798
797
801
802
800
799
805
804
803
794
781
776
717
588
340
808
811
810
809
807
815
814
813
817
819
818
821
823
824
822
820
816
825
827
829
828
826
831
830
812
833
834
836
838
840
839
837
835
842
841
844
846
847
845
851
850
849
848
856
855
854
853
858
857
852
843
861
860
866
868
867
865
870
871
869
864
872
863
862
874
876
878
877
875
873
883
882
885
884
886
881
888
887
880
892
891
893
895
894
890
897
896
899
898
889
901
900
879
859
903
905
906
907
904
902
909
912
911
915
916
917
914
913
910
920
919
918
923
924
925
922
927
929
928
926
921
908
832
931
933
932
937
938
939
936
941
942
940
935
934
945
946
949
951
950
948
954
953
956
955
957
959
960
961
958
952
963
964
962
966
967
968
965
970
972
971
973
976
975
974
969
947
978
979
977
981
984
983
985
982
980
944
987
989
991
992
990
988
994
993
996
997
999
1000
998
1001
995
986
1003
1004
1005
1002
1006
943
930
1009
1012
1011
1010
1008
1016
1015
1017
1014
1019
1018
1013
1021
1022
1023
1025
1026
1029
1030
1028
1033
1032
1031
1035
1037
1038
1036
1034
1039
1027
1024
1041
1043
1044
1046
1047
1045
1042
1049
1052
1054
1053
1055
1051
1050
1048
1040
1057
1059
1058
1063
1062
1061
1065
1064
1067
1069
1068
1072
1071
1070
1066
1074
1076
1077
1075
1078
1080
1081
1079
1073
1060
1056
1084
1083
1082
1086
1089
1090
1088
1091
1087
1092
1097
1098
1096
1095
1100
1099
1094
1102
1104
1103
1105
1107
1109
1108
1106
1111
1113
1112
1114
1110
1117
1118
1116
1119
1115
1121
1122
1125
1126
1124
1127
1129
1131
1132
1130
1134
1136
1137
1135
1139
1138
1141
1143
1142
1140
1133
1128
1123
1120
1101
1146
1148
1147
1145
1151
1152
1154
1153
1150
1149
1156
1158
1157
1160
1159
1163
1162
1161
1166
1165
1169
1168
1167
1164
1155
1144
1171
1173
1174
1178
1177
1179
1176
1175
1181
1180
1184
1185
1183
1186
1189
1190
1188
1187
1182
1172
1193
1195
1194
1192
1197
1196
1200
1201
1199
1202
1198
1191
1170
1205
1207
1208
1211
1210
1209
1206
1204
1213
1214
1216
1219
1218
1221
1220
1217
1215
1224
1223
1227
1226
1225
1230
1229
1232
1236
1235
1234
1233
1237
1231
1239
1238
1228
1222
1241
1242
1240
1245
1247
1246
1244
1250
1252
1251
1249
1254
1256
1255
1258
1257
1260
1259
1253
1262
1264
1263
1265
1267
1269
1271
1270
1272
1268
1273
1266
1261
1276
1275
1277
1274
1248
1243
1281
1280
1279
1285
1284
1289
1288
1287
1292
1291
1290
1286
1283
1295
1297
1296
1294
1293
1282
1278
1212
1203
1093
1085
1020
1007
806
1299
1300
1301
1303
1305
1307
1306
1304
1302
1309
1312
1311
1313
1315
1314
1310
1316
1319
1320
1318
1324
1323
1325
1322
1327
1329
1328
1331
1330
1326
1321
1317
1308
1333
1334
1335
1337
1338
1339
1341
1340
1342
1343
1345
1346
1344
1348
1349
1347
1336
1332
1353
1352
1354
1356
1357
1358
1360
1362
1363
1361
1364
1359
1355
1365
1351
1367
1368
1371
1372
1370
1369
1374
1375
1377
1379
1378
1381
1380
1376
1373
1382
1385
1384
1387
1386
1388
1389
1392
1391
1394
1393
1390
1383
1397
1396
1399
1401
1404
1403
1402
1400
1398
1395
1366
1350
1406
1408
1409
1410
1412
1411
1407
1414
1413
1416
1418
1417
1420
1419
1415
1422
1423
1421
1427
1426
1430
1429
1432
1431
1433
1428
1425
1424
1435
1438
1437
1436
1434
1441
1442
1440
1444
1446
1445
1443
1448
1447
1450
1451
1452
1449
1455
1454
1457
1456
1458
1460
1462
1463
1461
1459
1464
1453
1439
1405
1466
1467
1469
1472
1471
1470
1476
1477
1478
1475
1474
1473
1468
1480
1479
1482
1483
1485
1486
1484
1488
1490
1489
1491
1487
1494
1495
1493
1496
1497
1498
1492
1501
1504
1503
1505
1502
1500
1507
1508
1511
1510
1512
1509
1506
1499
1481
1514
1517
1516
1515
1519
1518
1521
1523
1522
1520
1525
1528
1527
1526
1524
1530
1531
1533
1532
1537
1536
1535
1534
1541
1542
1540
1539
1538
1545
1544
1547
1546
1543
1550
1549
1548
1529
1553
1555
1554
1552
1556
1558
1559
1557
1551
1513
1561
1564
1563
1562
1560
1566
1569
1568
1571
1570
1573
1575
1574
1572
1567
1577
1580
1581
1579
1578
1582
1583
1584
1576
1592
1591
1590
1589
1588
1587
1586
1594
1596
1595
1598
1597
1601
1602
1600
1603
1605
1607
1606
1604
1609
1610
1608
1613
1612
1614
1611
1599
1593
1585
1617
1616
1620
1619
1618
1623
1624
1625
1626
1622
1629
1630
1628
1627
1621
1632
1634
1633
1636
1637
1638
1640
1641
1644
1643
1646
1645
1642
1639
1635
1631
1615
1648
1649
1653
1652
1654
1656
1658
1657
1655
1651
1650
1663
1664
1662
1666
1665
1668
1667
1670
1672
1673
1671
1675
1674
1669
1661
1677
1676
1660
1679
1681
1684
1683
1682
1680
1678
1686
1687
1690
1689
1692
1691
1688
1694
1693
1695
1685
1698
1697
1700
1701
1702
1704
1703
1699
1706
1707
1705
1696
1710
1709
1711
1715
1714
1713
1712
1720
1721
1719
1718
1717
1716
1724
1726
1727
1729
1731
1733
1732
1734
1730
1728
1725
1737
1739
1741
1740
1738
1736
1743
1742
1735
1723
1722
1708
1746
1745
1744
1659
1749
1748
1751
1753
1752
1750
1756
1755
1757
1754
1747
1759
1760
1761
1765
1764
1766
1769
1770
1768
1774
1773
1772
1775
1777
1776
1771
1767
1763
1762
1779
1780
1784
1786
1787
1785
1783
1789
1788
1782
1792
1791
1790
1794
1795
1793
1798
1801
1800
1802
1799
1797
1796
1804
1805
1807
1808
1810
1809
1806
1803
1813
1814
1812
1815
1811
1781
1778
1817
1821
1820
1819
1818
1824
1823
1822
1816
1826
1827
1829
1832
1831
1833
1834
1830
1828
1825
1758
1647
1837
1836
1839
1841
1842
1840
1845
1846
1847
1844
1843
1838
1850
1851
1854
1853
1852
1858
1857
1859
1856
1855
1849
1862
1861
1864
1866
1869
1868
1867
1865
1863
1860
1870
1873
1872
1871
1876
1878
1880
1882
1883
1881
1879
1877
1885
1884
1889
1888
1887
1891
1892
1893
1895
1896
1894
1890
1886
1875
1901
1903
1905
1904
1902
1900
1907
1909
1912
1911
1914
1913
1910
1916
1918
1917
1915
1908
1906
1899
1898
1920
1921
1923
1925
1927
1926
1929
1928
1931
1932
1930
1924
1933
1936
1935
1934
1938
1942
1941
1940
1939
1937
1922
1944
1948
1947
1946
1951
1950
1949
1945
1943
1919
1953
1954
1955
1958
1961
1962
1960
1959
1957
1964
1963
1969
1968
1967
1966
1965
1956
1952
1971
1972
1973
1978
1977
1976
1980
1981
1979
1983
1982
1975
1987
1986
1990
1989
1988
1991
1985
1984
1974
1993
1994
1992
1996
1995
1970
1897
1874
1848
1835
1565
2000
1999
1998
2001
2003
2004
2005
2002
2007
2006
2009
2010
2013
2012
2015
2016
2018
2017
2021
2020
2019
2014
2023
2024
2026
2025
2029
2028
2030
2032
2034
2033
2031
2027
2036
2035
2022
2011
2008
2042
2041
2040
2039
2038
2037
2043
2045
2046
2049
2048
2047
2051
2054
2053
2056
2059
2058
2060
2061
2057
2055
2052
2050
2062
2065
2064
2067
2069
2068
2066
2063
2072
2071
2074
2075
2077
2080
2079
2081
2083
2085
2086
2084
2082
2078
2076
2073
2070
2044
2089
2088
2091
2093
2092
2090
2095
2096
2097
2099
2101
2100
2104
2103
2105
2102
2106
2098
2107
2094
2109
2112
2113
2111
2115
2116
2118
2119
2117
2121
2120
2122
2114
2124
2127
2126
2129
2130
2132
2131
2133
2128
2125
2139
2140
2138
2142
2143
2146
2145
2144
2141
2137
2136
2148
2147
2135
2150
2149
2134
2151
2123
2110
2154
2155
2153
2158
2157
2160
2159
2162
2164
2163
2166
2165
2167
2169
2168
2171
2172
2170
2161
2156
2152
2174
2175
2176
2178
2179
2182
2181
2183
2180
2184
2177
2186
2191
2190
2189
2188
2187
2192
2185
2194
2197
2198
2199
2196
2195
2202
2204
2206
2205
2203
2208
2207
2209
2201
2200
2211
2212
2210
2215
2214
2216
2213
2193
2218
2220
2219
2223
2224
2222
2226
2229
2228
2230
2233
2232
2234
2237
2238
2236
2235
2231
2240
2239
2227
2225
2221
2217
2173
2108
2087
2245
2244
2243
2242
2247
2248
2249
2250
2253
2252
2254
2255
2251
2258
2257
2260
2259
2262
2261
2256
2246
2264
2265
2267
2269
2271
2270
2272
2268
2266
2274
2279
2278
2277
2282
2283
2281
2280
2276
2285
2284
2275
2273
2288
2287
2289
2293
2292
2291
2290
2295
2298
2299
2297
2300
2296
2294
2286
2304
2303
2305
2302
2307
2308
2311
2310
2314
2316
2318
2317
2315
2319
2313
2312
2309
2321
2320
2323
2322
2306
2325
2326
2329
2328
2331
2332
2335
2334
2333
2330
2327
2337
2339
2341
2340
2338
2343
2345
2346
2344
2342
2336
2324
2349
2348
2351
2350
2353
2355
2356
2357
2354
2359
2358
2361
2360
2352
2364
2363
2367
2370
2369
2371
2368
2372
2366
2365
2374
2373
2362
2347
2375
2301
2378
2380
2379
2382
2383
2381
2377
2388
2387
2391
2390
2389
2392
2386
2394
2393
2385
2396
2395
2398
2399
2401
2400
2397
2404
2403
2408
2407
2406
2405
2402
2384
2411
2412
2410
2414
2416
2418
2420
2419
2417
2415
2422
2425
2424
2423
2421
2413
2409
2376
2428
2427
2429
2431
2433
2435
2436
2437
2434
2432
2430
2439
2438
2442
2441
2445
2444
2443
2446
2447
2440
2449
2450
2451
2453
2454
2456
2455
2452
2460
2459
2458
2457
2463
2462
2465
2468
2469
2467
2466
2470
2464
2473
2474
2472
2475
2471
2461
2477
2478
2482
2481
2480
2479
2476
2448
2486
2485
2488
2487
2490
2489
2484
2483
2426
2263
2241
2492
2494
2493
2495
2496
2498
2497
2501
2500
2504
2506
2505
2503
2502
2508
2509
2511
2510
2507
2513
2515
2514
2517
2519
2518
2522
2523
2521
2520
2525
2526
2524
2516
2512
2499
2491
2529
2528
2530
2533
2532
2531
2535
2536
2538
2537
2534
2540
2544
2543
2542
2545
2541
2539
2548
2547
2546
2550
2552
2551
2554
2553
2556
2559
2558
2557
2560
2555
2549
2562
2564
2566
2565
2563
2568
2569
2570
2573
2572
2571
2575
2574
2579
2578
2577
2576
2567
2561
2581
2582
2588
2587
2586
2585
2584
2589
2592
2591
2590
2594
2595
2600
2599
2598
2601
2597
2603
2602
2604
2605
2596
2607
2606
2612
2611
2613
2610
2615
2614
2609
2608
2593
2617
2620
2619
2621
2622
2624
2623
2618
2628
2630
2632
2631
2629
2627
2626
2635
2636
2634
2633
2639
2640
2638
2642
2643
2641
2637
2625
2616
2645
2646
2649
2648
2650
2647
2652
2654
2653
2651
2656
2659
2658
2662
2661
2663
2665
2664
2660
2657
2655
2667
2668
2671
2670
2669
2673
2672
2666
2644
2583
2675
2677
2679
2678
2676
2681
2680
2674
2684
2686
2685
2683
2689
2690
2688
2692
2691
2693
2695
2696
2697
2699
2698
2700
2701
2694
2704
2705
2706
2708
2707
2703
2710
2712
2713
2711
2709
2702
2687
2717
2716
2719
2718
2715
2714
2721
2724
2725
2723
2722
2728
2727
2726
2730
2731
2733
2735
2734
2736
2732
2738
2737
2740
2741
2739
2729
2743
2745
2744
2742
2748
2750
2751
2752
2749
2754
2753
2756
2757
2755
2759
2761
2760
2764
2763
2762
2758
2767
2766
2765
2747
2746
2720
2770
2771
2769
2774
2775
2777
2776
2778
2773
2779
2780
2782
2784
2787
2786
2785
2783
2788
2781
2791
2790
2793
2794
2792
2797
2796
2795
2801
2802
2800
2799
2804
2803
2798
2806
2809
2808
2807
2811
2812
2813
2814
2810
2805
2789
2772
2768
2816
2820
2819
2821
2822
2818
2824
2826
2827
2825
2829
2828
2830
2823
2817
2815
2834
2833
2832
2837
2836
2839
2841
2842
2843
2840
2838
2835
2845
2846
2848
2847
2849
2851
2852
2853
2850
2856
2855
2857
2858
2854
2860
2862
2863
2864
2865
2861
2859
2867
2868
2866
2870
2869
2872
2874
2875
2873
2871
2877
2879
2880
2881
2878
2876
2883
2886
2885
2888
2887
2889
2884
2891
2890
2882
2844
2894
2893
2895
2897
2899
2898
2896
2900
2901
2903
2906
2905
2909
2910
2908
2907
2912
2911
2904
2902
2892
2831
2682
2580
2914
2916
2915
2918
2919
2921
2920
2917
2924
2926
2925
2923
2928
2927
2933
2936
2937
2935
2934
2932
2931
2939
2940
2938
2930
2929
2942
2943
2945
2944
2941
2922
2947
2948
2949
2951
2952
2954
2953
2955
2957
2956
2958
2950
2960
2963
2962
2961
2967
2966
2965
2964
2969
2970
2972
2973
2971
2968
2959
2975
2976
2980
2979
2978
2977
2982
2984
2983
2986
2985
2988
2989
2990
2987
2981
2974
2946
2994
2993
2997
2996
2995
2992
3000
2999
3001
3002
2998
2991
3004
3007
3006
3008
3005
3010
3009
3003
3013
3012
3014
3016
3018
3019
3020
3021
3024
3025
3023
3022
3026
3017
3028
3027
3032
3031
3030
3034
3036
3035
3033
3029
3015
3040
3039
3038
3042
3041
3044
3045
3043
3037
3046
3051
3050
3052
3049
3048
3054
3057
3056
3059
3058
3063
3062
3061
3065
3067
3066
3068
3064
3072
3073
3074
3071
3070
3076
3077
3075
3069
3060
3055
3079
3081
3082
3084
3085
3083
3080
3078
3053
3047
3088
3087
3086
3090
3093
3092
3095
3094
3098
3097
3100
3102
3101
3099
3104
3106
3105
3103
3109
3110
3108
3112
3113
3111
3115
3114
3107
3096
3091
3118
3121
3120
3122
3123
3119
3125
3127
3126
3124
3117
3131
3130
3133
3135
3137
3136
3134
3132
3140
3139
3142
3141
3138
3144
3145
3147
3146
3143
3129
3128
3116
3089
3011
3149
3152
3151
3153
3156
3158
3157
3159
3155
3161
3162
3160
3154
3150
3165
3164
3168
3170
3169
3171
3174
3173
3176
3175
3172
3177
3167
3166
3163
3180
3179
3178
3182
3184
3185
3183
3186
3181
3190
3191
3189
3193
3195
3197
3196
3194
3192
3188
3198
3199
3201
3203
3205
3204
3207
3208
3206
3202
3200
3210
3212
3211
3215
3214
3216
3213
3209
3187
3218
3219
3220
3222
3221
3217
3224
3226
3228
3227
3225
3231
3230
3229
3235
3237
3239
3238
3236
3234
3233
3232
3223
3148
3241
3242
3244
3243
3247
3249
3248
3246
3245
3240
2913
2527
1997
1465
1298
3252
3255
3256
3254
3253
3258
3261
3262
3260
3259
3257
3251
3265
3267
3269
3268
3266
3270
3271
3274
3273
3275
3276
3279
3281
3280
3285
3284
3286
3283
3287
3282
3278
3289
3291
3292
3290
3293
3288
3295
3294
3277
3299
3298
3297
3301
3302
3303
3300
3296
3306
3307
3305
3308
3310
3311
3309
3312
3313
3304
3272
3264
3316
3315
3318
3317
3321
3320
3324
3323
3329
3328
3327
3330
3331
3333
3337
3336
3338
3339
3335
3334
3332
3326
3342
3341
3340
3325
3322
3319
3346
3347
3349
3348
3345
3344
3343
3353
3354
3352
3357
3359
3360
3361
3358
3356
3355
3363
3364
3366
3368
3370
3369
3367
3372
3373
3375
3374
3377
3376
3380
3379
3378
3371
3384
3383
3382
3385
3386
3388
3390
3391
3389
3393
3392
3387
3381
3365
3362
3395
3396
3394
3400
3399
3398
3402
3401
3404
3406
3407
3405
3403
3409
3408
3411
3413
3415
3416
3417
3414
3412
3410
3419
3420
3422
3424
3426
3425
3423
3421
3427
3418
3397
3430
3431
3429
3428
3434
3433
3436
3438
3439
3437
3435
3441
3442
3443
3440
3432
3445
3447
3446
3449
3448
3444
3351
3350
3314
3263
3452
3451
3453
3455
3456
3458
3459
3460
3461
3464
3463
3462
3457
3454
3467
3468
3470
3469
3471
3466
3473
3475
3477
3476
3474
3481
3480
3482
3479
3483
3478
3472
3465
3485
3487
3486
3488
3489
3484
3492
3493
3495
3496
3494
3498
3497
3491
3501
3500
3503
3502
3505
3507
3510
3509
3508
3511
3512
3514
3513
3516
3517
3518
3522
3521
3524
3526
3525
3527
3523
3520
3519
3515
3506
3504
3529
3530
3531
3532
3534
3535
3533
3528
3499
3490
3450
3538
3537
3539
3542
3541
3544
3545
3546
3543
3548
3547
3540
3549
3551
3553
3552
3555
3556
3557
3554
3550
3561
3562
3560
3564
3563
3565
3566
3559
3568
3571
3572
3570
3569
3575
3574
3573
3577
3580
3579
3578
3584
3583
3585
3582
3581
3586
3576
3589
3588
3590
3594
3593
3592
3591
3596
3598
3597
3600
3602
3601
3603
3599
3595
3605
3604
3607
3606
3608
3610
3614
3613
3612
3616
3615
3611
3609
3587
3567
3620
3619
3618
3624
3623
3622
3626
3628
3627
3625
3629
3631
3632
3634
3633
3635
3637
3641
3640
3639
3644
3646
3645
3643
3642
3638
3636
3630
3621
3648
3649
3647
3652
3653
3651
3650
3655
3657
3658
3660
3659
3661
3663
3664
3662
3656
3667
3669
3668
3673
3672
3671
3670
3666
3676
3677
3675
3679
3678
3681
3682
3680
3685
3684
3687
3688
3686
3683
3674
3665
3690
3691
3692
3694
3695
3696
3699
3700
3702
3701
3698
3697
3705
3704
3703
3693
3689
3654
3617
3708
3709
3711
3713
3712
3710
3717
3718
3721
3720
3719
3716
3715
3724
3723
3726
3727
3725
3722
3714
3707
3706
3558
3729
3730
3731
3733
3734
3736
3737
3739
3738
3742
3741
3743
3740
3735
3746
3747
3749
3748
3745
3751
3750
3753
3754
3752
3744
3732
3756
3757
3759
3758
3761
3760
3755
3766
3765
3764
3763
3768
3772
3771
3770
3774
3775
3777
3776
3773
3780
3779
3778
3769
3767
3782
3784
3783
3788
3787
3786
3791
3790
3789
3794
3796
3795
3799
3798
3802
3801
3800
3804
3803
3797
3793
3792
3807
3809
3808
3806
3811
3810
3805
3785
3781
3814
3815
3816
3818
3819
3817
3813
3821
3824
3823
3827
3826
3829
3828
3833
3832
3831
3830
3825
3836
3835
3834
3838
3840
3841
3839
3837
3844
3845
3843
3846
3847
3848
3842
3850
3853
3852
3851
3854
3855
3857
3856
3849
3822
3859
3860
3862
3864
3865
3866
3863
3867
3869
3868
3861
3858
3871
3874
3873
3872
3876
3878
3882
3881
3880
3879
3877
3875
3870
3885
3884
3887
3886
3890
3892
3891
3894
3895
3893
3896
3898
3897
3889
3901
3900
3899
3888
3904
3906
3905
3903
3908
3909
3911
3914
3913
3912
3910
3918
3917
3916
3920
3919
3922
3925
3926
3924
3923
3921
3929
3928
3931
3930
3927
3915
3934
3935
3933
3936
3932
3907
3938
3940
3941
3939
3937
3902
3883
3820
3812
3762
3944
3946
3945
3949
3948
3950
3952
3953
3951
3947
3943
3955
3957
3956
3960
3959
3961
3963
3962
3967
3966
3965
3964
3958
3969
3971
3970
3975
3974
3973
3972
3976
3979
3982
3985
3986
3984
3983
3981
3980
3990
3989
3991
3988
3992
3993
3995
3994
3987
3996
3978
4000
3999
3998
3997
4002
4004
4006
4008
4007
4005
4003
4001
4010
4011
4014
4016
4015
4013
4012
4017
4009
4021
4022
4020
4019
4024
4025
4023
4027
4029
4028
4026
4018
3977
3968
3954
3942
4031
4034
4035
4033
4032
4037
4039
4038
4036
4042
4041
4043
4040
4045
4046
4048
4049
4047
4051
4052
4050
4044
4055
4056
4054
4059
4060
4062
4061
4058
4064
4065
4066
4063
4057
4053
4068
4070
4071
4072
4073
4069
4067
4075
4077
4076
4079
4078
4083
4082
4085
4084
4081
4080
4088
4087
4089
4091
4093
4092
4090
4086
4094
4096
4097
4098
4099
4101
4103
4102
4100
4106
4107
4105
4108
4110
4111
4114
4113
4112
4109
4115
4104
4117
4119
4118
4124
4123
4122
4121
4126
4127
4125
4120
4131
4130
4133
4132
4134
4129
4128
4116
4095
4074
4136
4139
4140
4142
4141
4138
4137
4146
4145
4144
4149
4148
4151
4152
4150
4147
4143
4135
4154
4156
4155
4159
4161
4160
4158
4164
4165
4163
4162
4167
4168
4170
4171
4169
4166
4174
4173
4172
4157
4153
4030
3728
4177
4178
4176
4175
4181
4180
4183
4182
4187
4186
4185
4190
4191
4189
4188
4184
4195
4194
4193
4197
4196
4198
4200
4199
4202
4204
4206
4205
4208
4209
4207
4203
4212
4211
4210
4201
4192
4179
3536
4214
4217
4216
4215
4219
4221
4224
4225
4223
4227
4226
4222
4220
4230
4229
4231
4234
4233
4235
4237
4236
4240
4239
4238
4232
4242
4244
4246
4248
4247
4245
4249
4243
4252
4251
4255
4254
4253
4256
4250
4241
4228
4258
4263
4264
4262
4261
4265
4260
4268
4267
4266
4259
4270
4272
4271
4275
4274
4276
4278
4279
4281
4283
4282
4284
4280
4288
4287
4286
4290
4289
4292
4291
4294
4296
4295
4293
4285
4277
4273
4269
4298
4297
4300
4302
4303
4304
4306
4307
4309
4308
4305
4301
4313
4314
4312
4311
4317
4316
4321
4320
4319
4318
4315
4310
4299
4323
4325
4324
4327
4329
4330
4333
4332
4331
4328
4326
4335
4337
4336
4340
4339
4338
4334
4342
4348
4347
4346
4345
4344
4351
4350
4349
4343
4354
4355
4353
4357
4356
4359
4358
4352
4362
4361
4364
4363
4365
4367
4368
4369
4371
4373
4374
4372
4376
4375
4370
4366
4360
4378
4381
4383
4382
4384
4380
4386
4388
4387
4385
4379
4390
4389
4393
4392
4391
4377
4394
4396
4397
4398
4399
4403
4402
4404
4401
4406
4408
4407
4405
4409
4400
4412
4411
4414
4418
4417
4419
4421
4424
4423
4422
4420
4416
4415
4413
4426
4429
4428
4430
4431
4432
4434
4437
4436
4435
4433
4427
4425
4410
4395
4341
4322
4257
4218
4440
4439
4442
4443
4441
4445
4444
4447
4448
4446
4451
4450
4454
4455
4456
4458
4460
4459
4463
4465
4464
4462
4461
4468
4467
4466
4457
4453
4470
4472
4471
4469
4452
4474
4476
4475
4478
4477
4480
4481
4479
4483
4487
4486
4485
4484
4489
4490
4488
4482
4492
4495
4494
4498
4497
4496
4500
4499
4493
4502
4503
4501
4491
4473
4505
4507
4506
4508
4510
4509
4512
4514
4513
4515
4517
4519
4518
4521
4523
4522
4520
4516
4511
4504
4526
4527
4530
4529
4528
4533
4535
4534
4532
4531
4525
4524
4538
4537
4539
4542
4544
4543
4541
4546
4545
4540
4548
4549
4553
4554
4552
4551
4558
4557
4556
4559
4555
4563
4562
4565
4564
4561
4566
4560
4550
4547
4536
4568
4570
4572
4571
4573
4569
4576
4578
4581
4582
4580
4584
4583
4579
4577
4575
4574
4586
4587
4590
4591
4589
4593
4592
4595
4597
4596
4598
4594
4588
4601
4600
4603
4605
4604
4602
4599
4585
4608
4610
4609
4607
4613
4612
4611
4606
4615
4614
4567
4449
4617
4619
4621
4622
4620
4618
4624
4623
4628
4627
4626
4625
4630
4629
4634
4633
4632
4631
4636
4637
4639
4641
4642
4645
4644
4643
4640
4648
4649
4653
4652
4654
4651
4650
4647
4655
4646
4659
4660
4658
4657
4656
4662
4665
4664
4663
4661
4638
4667
4668
4666
4635
4670
4673
4672
4676
4675
4674
4671
4679
4678
4681
4683
4682
4680
4677
4685
4687
4689
4688
4691
4690
4692
4686
4684
4669
4616
4694
4695
4697
4699
4698
4700
4704
4703
4702
4705
4709
4708
4707
4706
4712
4713
4715
4714
4718
4717
4720
4721
4719
4716
4711
4723
4724
4722
4726
4728
4729
4731
4730
4727
4725
4710
4734
4737
4736
4735
4733
4738
4740
4739
4742
4745
4744
4748
4749
4747
4753
4752
4755
4758
4760
4761
4759
4763
4764
4765
4762
4757
4756
4767
4768
4769
4771
4770
4772
4766
4754
4751
4750
4746
4743
4774
4776
4775
4778
4777
4773
4741
4780
4781
4782
4784
4785
4787
4789
4788
4786
4783
4792
4791
4793
4795
4796
4797
4800
4799
4802
4803
4804
4801
4806
4805
4808
4810
4809
4807
4798
4812
4815
4814
4813
4817
4818
4819
4821
4823
4826
4825
4824
4822
4820
4827
4829
4831
4834
4833
4832
4836
4835
4830
4828
4816
4811
4838
4840
4841
4842
4844
4845
4843
4839
4847
4848
4851
4850
4852
4854
4856
4855
4853
4857
4859
4860
4862
4861
4858
4849
4864
4863
4866
4869
4868
4871
4870
4872
4867
4875
4877
4876
4874
4879
4880
4884
4883
4882
4881
4878
4873
4865
4846
4837
4887
4886
4892
4891
4893
4890
4895
4894
4889
4896
4897
4900
4899
4903
4904
4902
4901
4898
4888
4907
4909
4908
4906
4905
4885
4911
4913
4916
4915
4918
4917
4914
4919
4912
4922
4921
4920
4925
4924
4923
4910
4794
4790
4779
4732
4701
4696
4927
4930
4932
4935
4936
4934
4933
4931
4929
4928
4938
4940
4941
4939
4937
4926
4693
4438
4944
4945
4943
4947
4946
4949
4951
4950
4948
4954
4953
4958
4959
4957
4960
4956
4963
4962
4964
4967
4968
4966
4965
4961
4955
4973
4972
4971
4970
4975
4978
4977
4976
4979
4974
4981
4984
4983
4982
4980
4987
4988
4990
4989
4986
4993
4994
4992
4996
4998
4997
5000
4999
4995
5002
5004
5006
5005
5007
5003
5009
5010
5008
5012
5014
5013
5011
5001
5017
5019
5018
5016
5015
4991
4985
4969
5021
5023
5024
5025
5026
5029
5031
5032
5030
5028
5034
5035
5036
5033
5027
5022
5020
4952
5038
5039
5040
5043
5042
5041
5046
5047
5045
5044
5049
5048
5051
5052
5054
5055
5053
5056
5050
5058
5059
5062
5061
5065
5064
5063
5066
5068
5069
5071
5070
5073
5072
5067
5060
5075
5076
5077
5074
5079
5082
5081
5080
5078
5087
5086
5085
5084
5089
5091
5092
5090
5094
5093
5098
5097
5101
5100
5099
5104
5103
5102
5108
5107
5106
5110
5109
5112
5114
5117
5116
5115
5113
5119
5118
5111
5105
5096
5122
5121
5124
5126
5127
5128
5125
5123
5129
5132
5134
5136
5135
5133
5138
5137
5131
5140
5141
5142
5139
5130
5120
5095
5088
5147
5146
5148
5149
5145
5144
5143
5151
5154
5153
5155
5159
5161
5160
5158
5157
5164
5166
5169
5168
5167
5165
5163
5162
5172
5173
5171
5170
5156
5152
5175
5176
5177
5180
5179
5181
5178
5183
5187
5186
5185
5188
5189
5184
5182
5193
5195
5194
5197
5196
5192
5191
5190
5174
5199
5201
5200
5204
5203
5202
5206
5207
5205
5210
5211
5209
5208
5198
5150
5083
5057
5037
5213
5215
5216
5214
5219
5218
5221
5224
5223
5222
5220
5225
5217
5228
5229
5231
5230
5233
5234
5232
5227
5236
5238
5237
5240
5243
5242
5245
5246
5244
5249
5248
5247
5250
5241
5252
5251
5239
5255
5254
5257
5256
5258
5260
5264
5263
5262
5261
5259
5253
5235
5226
5266
5268
5270
5272
5271
5269
5274
5273
5276
5278
5277
5275
5267
5280
5281
5279
5283
5285
5284
5290
5291
5289
5288
5287
5292
5294
5293
5286
5282
5298
5297
5296
5300
5301
5302
5299
5304
5306
5308
5310
5311
5309
5307
5312
5305
5313
5315
5318
5317
5320
5319
5316
5323
5324
5322
5321
5314
5303
5326
5328
5327
5329
5325
5332
5331
5334
5336
5337
5338
5340
5341
5343
5342
5344
5339
5335
5333
5346
5349
5351
5350
5353
5352
5348
5356
5355
5354
5347
5345
5359
5358
5361
5364
5363
5362
5360
5365
5366
5367
5357
5369
5370
5372
5375
5374
5377
5379
5380
5378
5376
5373
5371
5383
5384
5387
5386
5385
5389
5390
5388
5382
5381
5368
5330
5295
5392
5394
5395
5396
5397
5393
5400
5399
5402
5401
5398
5404
5406
5405
5411
5410
5409
5408
5407
5403
5413
5414
5415
5417
5416
5412
5420
5421
5422
5419
5425
5428
5427
5429
5430
5426
5424
5432
5435
5434
5433
5437
5438
5436
5431
5423
5418
5440
5442
5444
5446
5445
5443
5441
5439
5391
5265
5212
5449
5448
5451
5452
5450
5454
5455
5457
5459
5458
5461
5460
5465
5464
5463
5470
5469
5468
5472
5471
5467
5466
5462
5475
5474
5477
5476
5473
5456
5479
5481
5482
5480
5478
5485
5484
5486
5489
5488
5493
5492
5491
5490
5487
5483
5453
5496
5495
5497
5498
5499
5502
5503
5501
5500
5506
5508
5507
5510
5509
5505
5504
5513
5512
5515
5516
5519
5518
5522
5521
5520
5517
5524
5523
5514
5511
5526
5528
5527
5530
5529
5533
5534
5532
5538
5537
5536
5535
5540
5541
5539
5531
5545
5544
5546
5547
5548
5543
5542
5550
5552
5551
5553
5555
5557
5556
5554
5560
5559
5558
5549
5525
5494
5562
5564
5566
5567
5565
5563
5561
5569
5568
5447
4942
4213
5572
5571
5574
5575
5573
5576
5579
5580
5578
5581
5577
5586
5585
5584
5588
5587
5583
5590
5592
5594
5596
5595
5593
5599
5601
5600
5598
5597
5591
5605
5606
5604
5603
5608
5607
5602
5589
5582
5610
5612
5611
5614
5617
5616
5615
5621
5620
5623
5622
5619
5624
5618
5613
5627
5626
5629
5628
5631
5632
5636
5635
5634
5638
5637
5633
5630
5625
5640
5643
5644
5642
5641
5639
5609
5646
5648
5650
5649
5647
5652
5654
5657
5656
5655
5659
5658
5662
5661
5663
5660
5664
5653
5651
5666
5668
5667
5670
5669
5672
5673
5675
5676
5678
5679
5677
5681
5682
5683
5684
5680
5674
5685
5671
5665
5687
5689
5688
5692
5691
5694
5695
5693
5696
5697
5690
5700
5701
5699
5698
5703
5705
5704
5707
5706
5709
5708
5702
5711
5712
5715
5714
5716
5713
5719
5718
5720
5723
5724
5722
5721
5726
5725
5717
5728
5727
5710
5731
5730
5732
5736
5735
5734
5733
5737
5729
5739
5741
5740
5743
5745
5744
5747
5750
5749
5748
5752
5753
5751
5746
5754
5757
5760
5759
5758
5756
5764
5763
5762
5761
5766
5768
5767
5770
5771
5769
5774
5773
5777
5776
5775
5772
5765
5755
5778
5781
5780
5779
5742
5783
5785
5787
5788
5786
5784
5790
5792
5793
5794
5796
5795
5791
5789
5782
5738
5686
5798
5799
5801
5800
5802
5805
5804
5806
5808
5809
5807
5811
5812
5810
5815
5814
5816
5813
5818
5819
5820
5817
5822
5823
5826
5825
5829
5828
5827
5824
5821
5831
5830
5834
5835
5833
5837
5839
5838
5836
5841
5840
5832
5846
5845
5844
5843
5848
5850
5853
5852
5851
5849
5847
5856
5858
5861
5862
5860
5859
5864
5863
5865
5857
5855
5867
5866
5854
5869
5871
5870
5872
5873
5876
5875
5877
5874
5878
5868
5842
5881
5885
5884
5883
5882
5887
5890
5889
5894
5895
5896
5893
5892
5891
5888
5898
5897
5886
5880
5879
5901
5900
5903
5904
5906
5905
5908
5909
5910
5907
5902
5913
5912
5914
5917
5918
5916
5915
5911
5922
5923
5921
5924
5925
5928
5927
5931
5930
5933
5932
5929
5934
5926
5920
5919
5899
5939
5938
5937
5943
5942
5945
5944
5941
5948
5947
5946
5950
5951
5949
5953
5954
5956
5955
5959
5961
5960
5958
5957
5952
5940
5936
5965
5964
5967
5968
5966
5963
5962
5969
5935
5803
5972
5971
5973
5974
5976
5977
5978
5979
5982
5981
5984
5983
5985
5980
5975
5987
5990
5989
5992
5994
5995
5993
5997
5996
5991
5988
5999
6001
6005
6006
6007
6004
6003
6002
6000
5998
5986
6009
6011
6012
6013
6015
6014
6010
6018
6019
6017
6021
6020
6022
6024
6027
6026
6029
6028
6025
6023
6030
6016
6008
5970
5797
5645
6032
6034
6036
6035
6039
6038
6037
6033
6043
6045
6046
6044
6042
6041
6048
6050
6049
6051
6053
6052
6055
6056
6054
6057
6047
6040
6031
6060
6061
6059
6063
6065
6066
6064
6068
6070
6069
6067
6072
6073
6071
6074
6077
6076
6079
6078
6083
6082
6084
6085
6086
6087
6091
6090
6089
6088
6081
6096
6095
6094
6093
6092
6098
6097
6100
6102
6101
6099
6080
6075
6103
6062
6107
6108
6110
6111
6112
6109
6106
6114
6113
6115
6119
6118
6117
6116
6124
6123
6122
6121
6126
6127
6129
6128
6125
6120
6105
6132
6131
6133
6135
6136
6134
6138
6141
6144
6145
6143
6142
6140
6148
6147
6150
6154
6153
6152
6151
6149
6155
6158
6159
6160
6157
6164
6166
6165
6167
6163
6162
6161
6156
6146
6168
6139
6137
6130
6170
6173
6174
6172
6171
6175
6176
6169
6178
6181
6180
6179
6183
6185
6184
6182
6188
6190
6192
6191
6189
6194
6195
6197
6199
6198
6196
6193
6187
6202
6203
6205
6204
6206
6201
6209
6208
6207
6211
6210
6213
6214
6217
6216
6219
6218
6221
6222
6223
6225
6224
6220
6215
6212
6228
6227
6231
6233
6234
6232
6230
6229
6226
6200
6186
6177
6104
6236
6237
6240
6241
6239
6243
6245
6244
6242
6248
6249
6247
6246
6253
6252
6251
6250
6238
6254
6257
6256
6258
6259
6255
6261
6262
6260
6265
6268
6267
6266
6270
6273
6274
6272
6271
6269
6264
6276
6279
6278
6277
6280
6275
6263
6235
6284
6283
6282
6285
6286
6287
6288
6292
6291
6290
6293
6298
6297
6296
6295
6294
6289
6300
6301
6302
6304
6303
6306
6309
6308
6307
6305
6299
6311
6313
6314
6316
6315
6317
6312
6321
6320
6319
6318
6328
6327
6326
6325
6324
6323
6322
6331
6333
6332
6334
6336
6335
6330
6338
6339
6337
6340
6344
6343
6342
6341
6329
6346
6347
6350
6349
6352
6351
6348
6353
6345
6357
6358
6360
6359
6356
6361
6355
6364
6363
6365
6362
6367
6370
6372
6371
6369
6368
6374
6375
6373
6366
6354
6377
6379
6378
6381
6380
6383
6384
6382
6387
6386
6389
6388
6391
6393
6394
6397
6396
6395
6399
6400
6402
6401
6398
6392
6390
6404
6403
6406
6408
6412
6411
6410
6413
6414
6409
6407
6416
6417
6415
6420
6422
6423
6421
6419
6418
6405
6385
6376
6427
6430
6434
6433
6432
6437
6436
6435
6431
6438
6429
6428
6426
6441
6440
6444
6443
6445
6447
6449
6448
6446
6442
6439
6425
6452
6451
6454
6455
6458
6457
6459
6456
6453
6450
6424
6310
6281
6462
6464
6463
6461
6466
6467
6469
6468
6471
6470
6473
6476
6480
6479
6478
6477
6475
6474
6472
6485
6484
6487
6486
6483
6490
6489
6488
6482
6481
6465
6493
6492
6495
6496
6494
6499
6498
6502
6501
6500
6497
6504
6503
6507
6509
6508
6510
6511
6506
6513
6515
6516
6514
6512
6505
6518
6520
6521
6523
6522
6524
6519
6517
6526
6527
6530
6529
6531
6532
6534
6533
6536
6535
6539
6538
6541
6542
6540
6544
6547
6549
6548
6551
6550
6546
6545
6543
6553
6554
6555
6558
6557
6556
6552
6537
6560
6561
6564
6563
6565
6562
6566
6559
6528
6568
6570
6572
6573
6574
6571
6576
6577
6578
6575
6569
6581
6583
6582
6580
6586
6587
6585
6589
6588
6591
6592
6595
6596
6594
6593
6597
6601
6603
6602
6600
6604
6599
6607
6606
6609
6610
6608
6612
6614
6613
6615
6619
6621
6620
6623
6622
6618
6625
6627
6626
6628
6624
6617
6616
6611
6605
6598
6590
6584
6579
6631
6635
6636
6638
6637
6639
6634
6640
6642
6644
6647
6646
6649
6648
6645
6643
6641
6633
6651
6652
6653
6655
6654
6660
6661
6659
6658
6657
6662
6664
6663
6666
6667
6668
6665
6656
6650
6632
6630
6670
6673
6672
6671
6675
6677
6679
6678
6676
6674
6681
6682
6680
6669
6683
6629
6686
6689
6690
6691
6688
6687
6685
6693
6695
6697
6696
6694
6698
6692
6700
6702
6701
6704
6703
6699
6706
6708
6707
6711
6710
6709
6705
6713
6715
6714
6718
6717
6722
6724
6723
6721
6720
6719
6716
6726
6729
6728
6730
6727
6732
6733
6731
6725
6712
6736
6735
6739
6741
6742
6740
6738
6744
6743
6746
6747
6751
6750
6749
6752
6755
6756
6754
6760
6759
6758
6762
6761
6763
6764
6757
6753
6766
6767
6768
6770
6771
6769
6765
6748
6745
6774
6773
6772
6737
6734
6776
6778
6779
6781
6780
6777
6783
6785
6787
6786
6784
6782
6790
6789
6791
6788
6797
6796
6795
6794
6793
6799
6800
6804
6803
6805
6802
6801
6798
6792
6775
6684
6567
6525
6491
6460
6808
6807
6810
6809
6813
6815
6816
6814
6812
6811
6820
6819
6818
6821
6824
6826
6825
6823
6827
6831
6830
6833
6834
6832
6829
6828
6822
6840
6839
6838
6837
6842
6841
6836
6835
6844
6845
6846
6848
6847
6849
6843
6817
6851
6852
6853
6855
6856
6859
6861
6860
6864
6865
6863
6862
6858
6857
6854
6868
6870
6872
6871
6869
6873
6867
6875
6874
6877
6880
6881
6879
6883
6882
6885
6884
6887
6886
6878
6890
6889
6891
6888
6894
6895
6898
6897
6896
6893
6892
6876
6866
6850
6902
6901
6904
6906
6907
6905
6903
6900
6911
6910
6912
6909
6914
6916
6915
6913
6918
6920
6921
6922
6919
6924
6928
6927
6926
6925
6930
6932
6934
6933
6931
6929
6923
6937
6936
6939
6941
6942
6940
6943
6944
6946
6945
6938
6935
6917
6908
6948
6949
6950
6947
6952
6954
6956
6955
6958
6957
6953
6959
6963
6962
6965
6968
6967
6966
6970
6969
6964
6961
6973
6977
6976
6975
6979
6978
6974
6972
6971
6981
6982
6984
6986
6989
6988
6987
6990
6985
6992
6993
6996
6995
6997
6994
6998
7001
7000
6999
7004
7005
7003
7002
6991
6983
6980
7008
7010
7014
7015
7013
7012
7011
7009
7007
7017
7016
7019
7018
7006
7021
7023
7025
7026
7024
7027
7032
7031
7030
7029
7028
7022
7020
6960
7033
7035
7036
7037
7039
7040
7041
7042
7043
7038
7045
7048
7047
7046
7049
7052
7051
7050
7053
7054
7044
7055
7034
6951
6899
7058
7057
7059
7061
7060
7063
7064
7062
7066
7065
7056
6806
6058
5570
3250
7070
7069
7068
7073
7072
7071
7074
7076
7077
7078
7079
7075
7083
7082
7081
7084
7087
7088
7091
7090
7089
7086
7085
7092
7098
7097
7096
7095
7101
7102
7100
7099
7094
7093
7080
7105
7106
7108
7107
7104
7111
7110
7113
7115
7114
7117
7118
7120
7121
7119
7122
7116
7124
7123
7112
7109
7103
7128
7130
7129
7131
7133
7132
7134
7127
7135
7126
7138
7137
7136
7140
7141
7143
7142
7139
7145
7147
7146
7149
7151
7152
7153
7150
7154
7148
7144
7158
7157
7156
7160
7161
7159
7162
7165
7164
7168
7169
7167
7171
7170
7172
7166
7173
7175
7176
7179
7178
7177
7180
7182
7181
7174
7184
7185
7189
7188
7187
7190
7186
7183
7192
7193
7196
7197
7199
7201
7202
7203
7204
7207
7208
7206
7205
7200
7198
7195
7194
7211
7210
7209
7213
7218
7217
7216
7215
7222
7223
7221
7225
7224
7227
7228
7230
7229
7231
7226
7234
7235
7238
7237
7236
7233
7240
7242
7241
7239
7232
7220
7219
7214
7244
7246
7245
7243
7212
7191
7163
7250
7249
7251
7253
7252
7248
7255
7257
7256
7259
7260
7262
7264
7265
7263
7261
7258
7268
7270
7269
7271
7273
7272
7274
7267
7266
7276
7278
7279
7282
7281
7285
7286
7288
7290
7289
7287
7284
7283
7280
7277
7291
7275
7254
7247
7292
7295
7296
7294
7298
7299
7300
7301
7304
7303
7305
7308
7309
7312
7311
7310
7307
7306
7302
7297
7315
7314
7313
7317
7318
7321
7320
7319
7324
7323
7327
7326
7325
7322
7328
7330
7329
7316
7293
7155
7332
7334
7336
7335
7337
7339
7338
7341
7343
7342
7345
7344
7340
7333
7348
7349
7351
7350
7353
7352
7347
7355
7357
7358
7356
7360
7359
7354
7363
7364
7362
7365
7366
7361
7369
7370
7368
7376
7377
7375
7378
7374
7373
7372
7380
7381
7379
7371
7383
7385
7386
7388
7389
7391
7390
7393
7394
7392
7396
7395
7400
7399
7402
7401
7398
7397
7387
7405
7404
7403
7384
7382
7367
7408
7407
7409
7412
7414
7413
7411
7410
7419
7418
7421
7424
7423
7422
7420
7417
7416
7415
7428
7429
7430
7432
7433
7434
7431
7436
7435
7427
7426
7425
7406
7439
7440
7442
7444
7443
7446
7445
7441
7438
7449
7448
7450
7453
7452
7456
7458
7459
7457
7455
7454
7461
7460
7451
7464
7463
7466
7467
7469
7470
7472
7471
7468
7465
7462
7447
7474
7477
7479
7478
7476
7475
7480
7483
7482
7486
7485
7487
7489
7491
7490
7488
7492
7484
7481
7473
7437
7346
7495
7494
7496
7498
7497
7499
7501
7504
7503
7502
7506
7505
7508
7511
7510
7509
7513
7515
7514
7512
7507
7518
7517
7520
7519
7523
7525
7524
7522
7521
7516
7500
7527
7528
7530
7529
7526
7493
7331
7125
7535
7536
7534
7533
7532
7541
7540
7539
7542
7538
7537
7545
7548
7547
7551
7550
7549
7546
7544
7543
7555
7556
7554
7553
7559
7561
7560
7558
7564
7563
7566
7565
7569
7571
7570
7573
7574
7576
7575
7572
7568
7567
7562
7579
7578
7582
7581
7586
7585
7588
7587
7584
7583
7590
7591
7589
7580
7577
7593
7596
7595
7597
7598
7600
7602
7604
7605
7603
7601
7599
7594
7592
7557
7607
7609
7611
7614
7613
7615
7612
7610
7608
7619
7618
7621
7620
7617
7624
7623
7627
7626
7628
7632
7631
7633
7630
7629
7625
7634
7622
7616
7606
7637
7639
7641
7643
7644
7642
7640
7638
7636
7645
7647
7648
7649
7646
7650
7652
7653
7651
7657
7656
7655
7658
7654
7662
7661
7660
7663
7667
7668
7666
7665
7670
7672
7671
7669
7664
7674
7675
7673
7677
7680
7679
7678
7676
7659
7635
7682
7685
7684
7686
7689
7688
7687
7683
7691
7693
7692
7695
7696
7694
7699
7698
7700
7701
7702
7703
7697
7705
7706
7707
7704
7690
7710
7709
7713
7712
7711
7714
7717
7716
7719
7720
7722
7725
7724
7723
7721
7728
7727
7729
7730
7726
7732
7731
7718
7715
7708
7734
7736
7735
7739
7741
7742
7740
7746
7745
7744
7743
7738
7747
7737
7749
7750
7752
7751
7748
7756
7755
7758
7757
7759
7754
7753
7762
7761
7765
7764
7767
7769
7768
7770
7773
7774
7772
7771
7766
7776
7779
7781
7782
7780
7778
7777
7784
7783
7785
7775
7763
7760
7733
7681
7787
7788
7791
7790
7795
7794
7793
7792
7798
7797
7800
7799
7801
7802
7796
7789
7805
7804
7803
7807
7809
7810
7811
7813
7815
7814
7818
7817
7816
7812
7820
7823
7824
7822
7828
7827
7826
7829
7825
7821
7819
7808
7832
7834
7837
7836
7839
7838
7841
7840
7835
7833
7831
7843
7849
7848
7847
7850
7846
7845
7852
7851
7854
7857
7856
7855
7853
7844
7859
7861
7860
7863
7862
7866
7867
7865
7868
7864
7871
7870
7875
7874
7877
7876
7873
7872
7881
7880
7879
7878
7869
7858
7842
7883
7882
7885
7887
7886
7884
7830
7889
7890
7891
7894
7895
7896
7893
7892
7898
7897
7899
7901
7904
7905
7903
7902
7908
7909
7907
7911
7910
7906
7913
7912
7916
7918
7920
7919
7917
7915
7914
7900
7923
7924
7926
7928
7929
7930
7931
7927
7925
7922
7934
7935
7937
7939
7938
7936
7933
7941
7942
7945
7944
7946
7943
7947
7951
7950
7952
7949
7954
7955
7953
7957
7958
7960
7959
7964
7963
7962
7966
7965
7961
7956
7948
7940
7932
7921
7969
7973
7972
7971
7970
7974
7976
7977
7975
7968
7979
7981
7980
7983
7985
7984
7982
7989
7988
7987
7990
7991
7986
7978
7967
7995
7994
7996
7998
8003
8002
8004
8001
8000
7999
7997
7993
8007
8006
8009
8008
8013
8012
8014
8011
8016
8015
8010
8018
8020
8022
8023
8021
8019
8025
8026
8024
8017
8005
8028
8029
8034
8033
8035
8032
8031
8030
8036
8040
8039
8041
8042
8038
8037
8044
8043
8046
8047
8049
8050
8051
8054
8053
8056
8058
8057
8055
8052
8059
8048
8061
8063
8062
8060
8045
8027
7992
7888
7806
7786
8066
8065
8069
8068
8074
8073
8072
8075
8071
8077
8076
8079
8081
8080
8078
8070
8067
8083
8082
8085
8087
8089
8088
8093
8092
8095
8094
8091
8090
8086
8097
8099
8101
8100
8103
8104
8105
8107
8109
8108
8110
8106
8102
8114
8113
8116
8115
8118
8119
8117
8121
8123
8122
8120
8112
8111
8125
8127
8126
8129
8130
8128
8124
8132
8135
8134
8133
8131
8098
8096
8137
8136
8084
8140
8139
8142
8143
8141
8144
8148
8147
8150
8151
8152
8154
8156
8155
8153
8149
8146
8159
8158
8161
8160
8163
8162
8157
8165
8166
8164
8168
8170
8171
8169
8167
8173
8175
8174
8177
8176
8180
8179
8181
8183
8182
8185
8184
8187
8188
8189
8191
8194
8197
8196
8195
8193
8199
8201
8200
8198
8192
8190
8186
8178
8204
8205
8206
8203
8202
8172
8210
8209
8208
8212
8215
8214
8218
8217
8216
8213
8211
8220
8219
8207
8145
8138
8064
8221
8223
8226
8227
8225
8224
8230
8229
8231
8228
8234
8235
8237
8236
8239
8238
8233
8232
8242
8241
8240
8245
8244
8246
8249
8248
8251
8252
8250
8247
8254
8255
8257
8259
8258
8256
8261
8263
8265
8264
8262
8260
8253
8267
8269
8270
8268
8272
8271
8274
8275
8279
8278
8280
8277
8281
8276
8283
8282
8287
8286
8285
8284
8290
8291
8289
8293
8292
8294
8296
8300
8299
8301
8298
8302
8303
8297
8295
8288
8273
8266
8243
8305
8308
8309
8307
8311
8310
8306
8315
8317
8316
8314
8313
8320
8321
8319
8322
8318
8312
8324
8325
8326
8329
8330
8333
8332
8331
8328
8327
8335
8337
8339
8338
8336
8334
8341
8343
8344
8342
8346
8345
8340
8349
8351
8353
8352
8350
8348
8354
8347
8357
8358
8356
8360
8359
8362
8364
8366
8365
8368
8369
8367
8370
8371
8363
8361
8355
8375
8377
8376
8374
8379
8378
8373
8383
8385
8384
8382
8381
8388
8387
8386
8380
8391
8392
8390
8396
8395
8397
8394
8393
8400
8399
8401
8398
8389
8403
8405
8404
8407
8406
8410
8409
8408
8412
8414
8416
8415
8413
8417
8411
8421
8420
8419
8422
8423
8426
8425
8429
8430
8431
8428
8434
8433
8435
8432
8427
8437
8440
8439
8438
8436
8424
8418
8443
8445
8444
8449
8448
8447
8446
8442
8441
8451
8452
8455
8454
8457
8456
8453
8459
8462
8463
8461
8465
8464
8460
8467
8469
8468
8471
8474
8476
8477
8478
8475
8473
8481
8480
8482
8479
8472
8484
8485
8487
8488
8486
8490
8492
8491
8494
8495
8493
8489
8496
8483
8498
8501
8500
8504
8505
8503
8506
8502
8508
8509
8507
8499
8511
8510
8514
8513
8512
8497
8470
8466
8458
8450
8402
8372
8516
8518
8519
8521
8522
8525
8526
8524
8527
8523
8520
8529
8528
8517
8532
8531
8534
8533
8535
8537
8538
8540
8541
8539
8536
8530
8515
8323
8304
8222
7552
8543
8545
8544
8548
8547
8550
8551
8552
8554
8553
8549
8556
8558
8557
8561
8560
8562
8565
8564
8563
8567
8566
8559
8555
8546
8570
8572
8571
8569
8574
8575
8578
8577
8576
8573
8568
8581
8580
8584
8583
8582
8586
8587
8588
8590
8589
8585
8579
8592
8594
8595
8596
8593
8599
8600
8598
8597
8603
8604
8606
8608
8607
8605
8602
8601
8612
8611
8614
8613
8610
8615
8609
8591
8618
8620
8622
8621
8619
8617
8624
8625
8627
8630
8629
8628
8626
8632
8635
8634
8633
8631
8637
8640
8639
8642
8645
8644
8643
8647
8646
8649
8650
8648
8641
8638
8652
8654
8657
8656
8655
8658
8659
8653
8661
8664
8663
8665
8667
8666
8668
8669
8662
8660
8651
8636
8623
8672
8674
8673
8671
8676
8675
8679
8680
8678
8677
8684
8683
8686
8689
8688
8687
8690
8685
8682
8692
8693
8694
8696
8695
8701
8700
8699
8698
8697
8691
8681
8670
8616
8542
7531
8706
8705
8704
8707
8710
8711
8709
8708
8703
8713
8714
8715
8712
8717
8719
8721
8722
8723
8720
8718
8727
8726
8725
8730
8731
8734
8733
8732
8729
8728
8736
8738
8737
8740
8741
8739
8735
8742
8724
8744
8746
8745
8748
8749
8751
8750
8747
8753
8752
8756
8755
8758
8759
8761
8760
8757
8763
8765
8764
8768
8767
8770
8771
8769
8766
8774
8773
8777
8776
8781
8782
8780
8779
8778
8775
8772
8762
8754
8785
8784
8783
8743
8716
8790
8789
8791
8788
8794
8796
8795
8797
8793
8798
8792
8787
8800
8801
8803
8805
8804
8802
8807
8808
8810
8809
8811
8806
8813
8812
8799
8816
8815
8818
8822
8823
8821
8825
8827
8826
8828
8824
8820
8819
8831
8830
8833
8832
8829
8817
8835
8834
8814
8837
8841
8840
8839
8842
8844
8845
8848
8849
8847
8846
8843
8852
8854
8853
8855
8851
8858
8857
8856
8850
8838
8860
8861
8862
8859
8865
8867
8866
8869
8868
8864
8872
8873
8871
8875
8876
8874
8880
8879
8882
8881
8884
8887
8886
8888
8885
8883
8878
8892
8891
8890
8893
8889
8877
8895
8899
8901
8903
8902
8900
8898
8897
8904
8896
8906
8908
8911
8912
8910
8909
8907
8905
8894
8870
8914
8916
8918
8917
8915
8913
8863
8836
8786
8921
8920
8923
8924
8925
8927
8926
8922
8929
8928
8931
8934
8933
8935
8932
8936
8939
8940
8938
8937
8942
8943
8946
8945
8948
8949
8947
8944
8941
8930
8953
8954
8952
8956
8955
8957
8951
8961
8960
8959
8965
8964
8963
8962
8968
8970
8969
8972
8973
8971
8967
8966
8958
8976
8979
8978
8977
8975
8980
8982
8981
8985
8984
8987
8986
8989
8988
8991
8990
8994
8993
8992
8983
8996
8998
8997
8995
8974
8950
9002
9004
9006
9005
9003
9001
9000
9008
9007
9009
9014
9013
9012
9016
9015
9018
9019
9017
9021
9020
9011
9010
8999
9023
9025
9024
9028
9027
9029
9026
9033
9032
9031
9035
9034
9030
9039
9041
9040
9038
9044
9043
9047
9046
9045
9042
9037
9049
9052
9051
9050
9053
9057
9058
9056
9060
9061
9059
9063
9065
9064
9066
9062
9055
9069
9068
9070
9067
9054
9048
9073
9072
9074
9071
9036
9022
8919
9076
9077
9079
9078
9080
9082
9084
9085
9087
9088
9090
9089
9086
9083
9081
9093
9092
9095
9094
9097
9099
9098
9096
9100
9102
9101
9091
9075
8702
7067
9104
9106
9109
9108
9107
9110
9111
9112
9114
9118
9117
9116
9115
9120
9121
9124
9123
9126
9125
9122
9119
9113
9129
9128
9132
9131
9133
9135
9134
9138
9137
9139
9136
9130
9141
9140
9127
9105
9143
9144
9147
9146
9145
9149
9151
9153
9152
9150
9148
9154
9157
9156
9159
9158
9155
9142
9161
9163
9164
9162
9166
9169
9170
9168
9172
9175
9176
9174
9179
9180
9181
9183
9182
9185
9188
9187
9186
9184
9178
9177
9173
9171
9190
9192
9191
9194
9196
9197
9195
9199
9200
9202
9203
9201
9204
9198
9193
9189
9167
9206
9207
9205
9210
9211
9212
9209
9214
9213
9216
9217
9219
9220
9218
9215
9208
9165
9160
9223
9227
9228
9226
9229
9225
9224
9222
9232
9231
9230
9234
9237
9236
9238
9235
9240
9239
9243
9244
9246
9245
9247
9242
9248
9251
9250
9249
9241
9233
9253
9255
9254
9257
9256
9261
9260
9262
9263
9259
9258
9267
9268
9266
9265
9264
9270
9272
9274
9273
9271
9269
9252
9277
9276
9279
9278
9280
9281
9284
9285
9283
9282
9289
9290
9292
9291
9293
9288
9287
9296
9297
9295
9300
9299
9298
9302
9304
9303
9301
9305
9294
9308
9309
9307
9306
9311
9313
9316
9315
9319
9320
9318
9321
9317
9314
9312
9310
9324
9323
9325
9328
9327
9330
9332
9331
9329
9335
9336
9337
9339
9338
9334
9341
9340
9333
9343
9345
9346
9349
9348
9347
9344
9353
9352
9351
9356
9355
9354
9350
9342
9326
9359
9358
9357
9362
9361
9365
9364
9363
9367
9368
9370
9371
9373
9372
9375
9374
9369
9366
9360
9322
9286
9275
9377
9378
9381
9380
9379
9383
9384
9386
9385
9388
9387
9392
9391
9395
9396
9398
9400
9401
9399
9403
9402
9397
9405
9404
9394
9408
9410
9409
9411
9412
9407
9406
9393
9414
9416
9418
9419
9417
9420
9415
9422
9428
9427
9429
9426
9425
9424
9423
9421
9413
9390
9389
9382
9431
9434
9433
9432
9430
9376
9437
9436
9440
9441
9439
9442
9443
9445
9444
9448
9447
9446
9438
9451
9450
9453
9454
9452
9449
9435
9221
9456
9459
9460
9458
9457
9463
9465
9464
9467
9466
9462
9461
9469
9470
9473
9472
9477
9480
9479
9478
9476
9475
9474
9482
9483
9484
9481
9487
9489
9488
9491
9490
9493
9492
9495
9498
9497
9496
9500
9499
9503
9505
9504
9502
9501
9494
9509
9508
9507
9506
9486
9511
9513
9512
9516
9515
9514
9520
9519
9522
9524
9523
9521
9518
9517
9510
9485
9471
9527
9526
9529
9532
9531
9530
9528
9525
9468
9534
9536
9538
9537
9540
9541
9539
9535
9544
9543
9546
9545
9548
9551
9550
9549
9552
9547
9542
9554
9556
9555
9558
9557
9560
9563
9564
9562
9566
9565
9561
9559
9553
9568
9571
9570
9569
9574
9576
9575
9577
9573
9572
9580
9581
9579
9582
9584
9587
9586
9589
9588
9590
9591
9585
9593
9595
9598
9597
9596
9600
9599
9594
9602
9603
9605
9604
9601
9592
9583
9578
9607
9609
9610
9612
9614
9613
9616
9615
9611
9618
9621
9622
9620
9624
9623
9626
9627
9625
9619
9629
9628
9617
9608
9631
9632
9634
9635
9633
9638
9640
9639
9641
9637
9643
9645
9646
9648
9647
9644
9642
9636
9630
9606
9567
9533
9650
9652
9654
9655
9657
9659
9658
9656
9661
9663
9662
9665
9666
9668
9667
9664
9660
9671
9670
9673
9672
9676
9678
9677
9675
9680
9682
9681
9685
9686
9684
9683
9679
9674
9669
9653
9688
9689
9692
9691
9690
9687
9651
9694
9695
9696
9698
9697
9700
9699
9702
9704
9703
9706
9708
9707
9705
9710
9709
9712
9713
9714
9711
9715
9701
9693
9649
9717
9719
9720
9723
9722
9724
9727
9730
9729
9728
9726
9731
9725
9721
9718
9733
9735
9734
9736
9739
9741
9742
9740
9745
9746
9744
9747
9743
9749
9750
9752
9755
9754
9756
9753
9757
9751
9759
9760
9762
9763
9761
9764
9758
9748
9738
9737
9768
9770
9769
9767
9774
9775
9773
9772
9776
9781
9780
9779
9778
9782
9777
9784
9786
9787
9785
9783
9771
9766
9765
9732
9790
9792
9791
9795
9794
9793
9789
9798
9800
9801
9799
9797
9803
9805
9807
9806
9812
9811
9810
9809
9808
9804
9816
9818
9817
9815
9814
9813
9820
9822
9823
9825
9827
9826
9828
9831
9830
9832
9829
9824
9835
9834
9838
9839
9837
9836
9833
9821
9842
9844
9843
9845
9841
9847
9848
9849
9851
9850
9852
9855
9857
9856
9854
9853
9846
9840
9819
9802
9861
9860
9859
9858
9863
9864
9867
9868
9870
9869
9866
9872
9871
9865
9874
9873
9876
9877
9880
9879
9884
9883
9882
9885
9881
9878
9887
9886
9875
9888
9890
9892
9893
9895
9896
9894
9897
9898
9891
9900
9902
9901
9904
9906
9905
9903
9909
9908
9910
9911
9907
9899
9889
9862
9796
9914
9913
9916
9915
9912
9920
9922
9921
9919
9926
9927
9928
9931
9932
9930
9929
9925
9924
9934
9933
9923
9938
9937
9936
9941
9940
9939
9944
9943
9946
9945
9947
9942
9935
9950
9949
9952
9953
9951
9948
9955
9958
9959
9957
9956
9954
9918
9964
9963
9962
9961
9969
9968
9967
9966
9972
9973
9971
9974
9976
9978
9977
9975
9970
9982
9981
9980
9984
9985
9988
9987
9986
9983
9991
9990
9994
9995
9993
9992
9989
9997
9996
9979
9965
9999
10000
9998
9960
9917
9788
9716
9455
9103
